400 200 200 2
400 200 300 2
400 200 400 2
400 200 200 3
400 200 300 3
400 200 400 3
400 200 200 4
400 200 300 4
400 200 400 4
400 200 200 5
400 200 300 5
400 200 400 5
400 200 200 6
400 200 300 6
400 200 400 6
400 200 200 7
400 200 300 7
400 200 400 7
400 200 200 8
400 200 300 8
400 200 400 8
400 200 200 9
400 200 300 9
400 200 400 9
400 300 200 2
400 300 300 2
400 300 400 2
400 300 200 3
400 300 300 3
400 300 400 3
400 300 200 4
400 300 300 4
400 300 400 4
400 300 200 5
400 300 300 5
400 300 400 5
400 300 200 6
400 300 300 6
400 300 400 6
400 300 200 7
400 300 300 7
400 300 400 7
400 300 200 8
400 300 300 8
400 300 400 8
400 300 200 9
400 300 300 9
400 300 400 9
600 200 200 2
600 200 300 2
600 200 400 2
600 200 200 3
600 200 300 3
600 200 400 3
600 200 200 4
600 200 300 4
600 200 400 4
600 200 200 5
600 200 300 5
600 200 400 5
600 200 200 6
600 200 300 6
600 200 400 6
600 200 200 7
600 200 300 7
600 200 400 7
600 200 200 8
600 200 300 8
600 200 400 8
600 200 200 9
600 200 300 9
600 200 400 9
600 300 200 2
600 300 300 2
600 300 400 2
600 300 200 3
600 300 300 3
600 300 400 3
600 300 200 4
600 300 300 4
600 300 400 4
600 300 200 5
600 300 300 5
600 300 400 5
600 300 200 6
600 300 300 6
600 300 400 6
600 300 200 7
600 300 300 7
600 300 400 7
600 300 200 8
600 300 300 8
600 300 400 8
600 300 200 9
600 300 300 9
600 300 400 9
600 400 200 2
600 400 300 2
600 400 400 2
600 400 200 3
600 400 300 3
600 400 400 3
600 400 200 4
600 400 300 4
600 400 400 4
600 400 200 5
600 400 300 5
600 400 400 5
600 400 200 6
600 400 300 6
600 400 400 6
600 400 200 7
600 400 300 7
600 400 400 7
600 400 200 8
600 400 300 8
600 400 400 8
600 400 200 9
600 400 300 9
600 400 400 9
